five_tuple,timestamp,size,src_ip,dst_ip,src_port,dst_port,proto,two_tuple,pkt_count,flow_size,interval
244.3.213.210:9616-244.3.160.239:80-TCP,1261067359.510528,48,244.3.213.210,244.3.160.239,9616,80,TCP,244.3.213.210-244.3.160.239,5,1360,0.02072000503540039
244.3.213.210:10894-244.3.160.239:80-TCP,1261067359.531248,48,244.3.213.210,244.3.160.239,10894,80,TCP,244.3.213.210-244.3.160.239,5,1377,0.01296091079711914
244.3.213.210:2268-244.3.160.239:80-TCP,1261067359.544209,48,244.3.213.210,244.3.160.239,2268,80,TCP,244.3.213.210-244.3.160.239,5,1404,0.013467073440551758
244.3.213.210:12246-244.3.160.239:80-TCP,1261067359.557676,48,244.3.213.210,244.3.160.239,12246,80,TCP,244.3.213.210-244.3.160.239,6,1400,0.6836450099945068
244.3.213.210:8931-244.3.160.239:80-TCP,1261067360.241321,48,244.3.213.210,244.3.160.239,8931,80,TCP,244.3.213.210-244.3.160.239,6,1804,0.006181001663208008
244.3.213.210:2709-244.3.160.239:80-TCP,1261067360.247502,48,244.3.213.210,244.3.160.239,2709,80,TCP,244.3.213.210-244.3.160.239,5,1178,0.30994081497192383
244.3.213.210:11428-244.3.160.239:443-TCP,1261067360.557443,48,244.3.213.210,244.3.160.239,11428,443,TCP,244.3.213.210-244.3.160.239,9,2174,0.6071112155914307
244.3.213.210:11925-244.3.160.239:80-TCP,1261067361.164554,48,244.3.213.210,244.3.160.239,11925,80,TCP,244.3.213.210-244.3.160.239,6,1880,0.025911808013916016
244.3.213.210:14456-244.3.160.239:80-TCP,1261067361.190466,48,244.3.213.210,244.3.160.239,14456,80,TCP,244.3.213.210-244.3.160.239,105,5781,0.7236881256103516
244.3.213.210:3448-244.3.160.239:80-TCP,1261067361.914154,48,244.3.213.210,244.3.160.239,3448,80,TCP,244.3.213.210-244.3.160.239,5,1460,0.0004420280456542969
244.3.213.210:6486-244.3.160.239:80-TCP,1261067361.914596,48,244.3.213.210,244.3.160.239,6486,80,TCP,244.3.213.210-244.3.160.239,5,1460,0.0006399154663085938
244.3.213.210:9431-244.3.160.239:80-TCP,1261067361.915236,48,244.3.213.210,244.3.160.239,9431,80,TCP,244.3.213.210-244.3.160.239,5,1459,0.0002989768981933594
244.3.213.210:11226-244.3.160.239:80-TCP,1261067361.915535,48,244.3.213.210,244.3.160.239,11226,80,TCP,244.3.213.210-244.3.160.239,5,1446,0.039392948150634766
244.3.213.210:13810-244.3.160.239:80-TCP,1261067361.954928,48,244.3.213.210,244.3.160.239,13810,80,TCP,244.3.213.210-244.3.160.239,5,1444,0.0152740478515625
244.3.213.210:14236-244.3.160.239:80-TCP,1261067361.970202,48,244.3.213.210,244.3.160.239,14236,80,TCP,244.3.213.210-244.3.160.239,5,1452,0.010777950286865234
244.3.213.210:8738-244.3.160.239:80-TCP,1261067361.98098,48,244.3.213.210,244.3.160.239,8738,80,TCP,244.3.213.210-244.3.160.239,5,1449,0.015467166900634766
244.3.213.210:6384-244.3.160.239:80-TCP,1261067361.996447,48,244.3.213.210,244.3.160.239,6384,80,TCP,244.3.213.210-244.3.160.239,5,1442,0.010627985000610352
244.3.213.210:5646-244.3.160.239:80-TCP,1261067362.007075,48,244.3.213.210,244.3.160.239,5646,80,TCP,244.3.213.210-244.3.160.239,5,1462,0.02040886878967285
244.3.213.210:13713-244.3.160.239:80-TCP,1261067362.027484,48,244.3.213.210,244.3.160.239,13713,80,TCP,244.3.213.210-244.3.160.239,5,1458,0.018716096878051758
244.3.213.210:10147-244.3.160.239:80-TCP,1261067362.0462,48,244.3.213.210,244.3.160.239,10147,80,TCP,244.3.213.210-244.3.160.239,5,1451,0.01020503044128418
244.3.213.210:11172-244.3.160.239:80-TCP,1261067362.056405,48,244.3.213.210,244.3.160.239,11172,80,TCP,244.3.213.210-244.3.160.239,5,1453,0.013540983200073242
244.3.213.210:13015-244.3.160.239:80-TCP,1261067362.069946,48,244.3.213.210,244.3.160.239,13015,80,TCP,244.3.213.210-244.3.160.239,5,1486,0.0010268688201904297
244.3.213.210:2183-244.3.160.239:80-TCP,1261067362.070973,48,244.3.213.210,244.3.160.239,2183,80,TCP,244.3.213.210-244.3.160.239,6,1481,0.0008971691131591797
244.3.213.210:12771-244.3.160.239:80-TCP,1261067362.07187,48,244.3.213.210,244.3.160.239,12771,80,TCP,244.3.213.210-244.3.160.239,6,1485,0.00022602081298828125
244.3.213.210:10483-244.3.160.239:80-TCP,1261067362.072096,48,244.3.213.210,244.3.160.239,10483,80,TCP,244.3.213.210-244.3.160.239,6,1498,0.0007619857788085938
244.3.213.210:6031-244.3.160.239:80-TCP,1261067362.072858,48,244.3.213.210,244.3.160.239,6031,80,TCP,244.3.213.210-244.3.160.239,6,1477,0.00035381317138671875
244.3.213.210:10392-244.3.160.239:80-TCP,1261067362.073212,48,244.3.213.210,244.3.160.239,10392,80,TCP,244.3.213.210-244.3.160.239,5,1445,0.0008831024169921875
244.3.213.210:4491-244.3.160.239:80-TCP,1261067362.074095,48,244.3.213.210,244.3.160.239,4491,80,TCP,244.3.213.210-244.3.160.239,6,1481,0.013763904571533203
244.3.213.210:4063-244.3.160.239:80-TCP,1261067362.087859,48,244.3.213.210,244.3.160.239,4063,80,TCP,244.3.213.210-244.3.160.239,6,1488,0.0008981227874755859
244.3.213.210:9200-244.3.160.239:80-TCP,1261067362.088757,48,244.3.213.210,244.3.160.239,9200,80,TCP,244.3.213.210-244.3.160.239,5,1445,0.00021004676818847656
244.3.213.210:8914-244.3.160.239:80-TCP,1261067362.088967,48,244.3.213.210,244.3.160.239,8914,80,TCP,244.3.213.210-244.3.160.239,6,1489,0.0006079673767089844
244.3.213.210:10772-244.3.160.239:80-TCP,1261067362.089575,48,244.3.213.210,244.3.160.239,10772,80,TCP,244.3.213.210-244.3.160.239,5,1444,0.01007986068725586
244.3.213.210:2217-244.3.160.239:80-TCP,1261067362.099655,48,244.3.213.210,244.3.160.239,2217,80,TCP,244.3.213.210-244.3.160.239,6,1477,0.005709171295166016
244.3.213.210:13951-244.3.160.239:80-TCP,1261067362.105364,48,244.3.213.210,244.3.160.239,13951,80,TCP,244.3.213.210-244.3.160.239,6,1485,0.0003650188446044922
244.3.213.210:6654-244.3.160.239:80-TCP,1261067362.105729,48,244.3.213.210,244.3.160.239,6654,80,TCP,244.3.213.210-244.3.160.239,6,1484,0.016373872756958008
244.3.213.210:8605-244.3.160.239:80-TCP,1261067362.122103,48,244.3.213.210,244.3.160.239,8605,80,TCP,244.3.213.210-244.3.160.239,5,1308,0.0013661384582519531
244.3.213.210:16292-244.3.160.239:80-TCP,1261067362.123469,48,244.3.213.210,244.3.160.239,16292,80,TCP,244.3.213.210-244.3.160.239,5,1315,0.0006899833679199219
244.3.213.210:15793-244.3.160.239:80-TCP,1261067362.124159,48,244.3.213.210,244.3.160.239,15793,80,TCP,244.3.213.210-244.3.160.239,5,1329,0.0011680126190185547
244.3.213.210:15241-244.3.160.239:80-TCP,1261067362.125327,48,244.3.213.210,244.3.160.239,15241,80,TCP,244.3.213.210-244.3.160.239,5,1324,0.12825894355773926
244.3.213.210:15643-244.3.160.239:80-TCP,1261067362.253586,48,244.3.213.210,244.3.160.239,15643,80,TCP,244.3.213.210-244.3.160.239,6,1489,1.0120420455932617
244.3.213.210:6591-244.3.160.239:80-TCP,1261067363.265628,48,244.3.213.210,244.3.160.239,6591,80,TCP,244.3.213.210-244.3.160.239,5,1258,11.421108961105347
244.3.213.210:4341-244.3.160.239:80-TCP,1261067374.686737,48,244.3.213.210,244.3.160.239,4341,80,TCP,244.3.213.210-244.3.160.239,5,1535,1.078521966934204
244.3.213.210:2523-244.3.160.239:80-TCP,1261067375.765259,48,244.3.213.210,244.3.160.239,2523,80,TCP,244.3.213.210-244.3.160.239,5,1232,0.31789207458496094
244.3.213.210:9699-244.3.160.239:80-TCP,1261067376.083151,48,244.3.213.210,244.3.160.239,9699,80,TCP,244.3.213.210-244.3.160.239,5,1261,0.018236875534057617
244.3.213.210:6550-244.3.160.239:80-TCP,1261067376.101388,48,244.3.213.210,244.3.160.239,6550,80,TCP,244.3.213.210-244.3.160.239,28,2164,0.26784610748291016
244.3.213.210:5557-244.3.160.239:80-TCP,1261067376.369234,48,244.3.213.210,244.3.160.239,5557,80,TCP,244.3.213.210-244.3.160.239,5,1349,0.06502079963684082
244.3.213.210:13841-244.3.160.239:80-TCP,1261067376.434255,48,244.3.213.210,244.3.160.239,13841,80,TCP,244.3.213.210-244.3.160.239,5,1326,0.07345700263977051
244.3.213.210:14686-244.3.160.239:80-TCP,1261067376.507712,48,244.3.213.210,244.3.160.239,14686,80,TCP,244.3.213.210-244.3.160.239,5,1353,0.00041103363037109375
244.3.213.210:14401-244.3.160.239:80-TCP,1261067376.508123,48,244.3.213.210,244.3.160.239,14401,80,TCP,244.3.213.210-244.3.160.239,5,1333,0.07195901870727539
244.3.213.210:12978-244.3.160.239:80-TCP,1261067376.580082,48,244.3.213.210,244.3.160.239,12978,80,TCP,244.3.213.210-244.3.160.239,5,1350,0.06019711494445801
244.3.213.210:2317-244.3.160.239:80-TCP,1261067376.640279,48,244.3.213.210,244.3.160.239,2317,80,TCP,244.3.213.210-244.3.160.239,5,1317,0.06590890884399414
244.3.213.210:9293-244.3.160.239:80-TCP,1261067376.706188,48,244.3.213.210,244.3.160.239,9293,80,TCP,244.3.213.210-244.3.160.239,13,1671,0.0007030963897705078
244.3.213.210:7412-244.3.160.239:80-TCP,1261067376.706891,48,244.3.213.210,244.3.160.239,7412,80,TCP,244.3.213.210-244.3.160.239,5,1309,0.0006418228149414062
244.3.213.210:3415-244.3.160.239:80-TCP,1261067376.707533,48,244.3.213.210,244.3.160.239,3415,80,TCP,244.3.213.210-244.3.160.239,14,1664,0.1531391143798828
244.3.213.210:13225-244.3.160.239:80-TCP,1261067376.860672,48,244.3.213.210,244.3.160.239,13225,80,TCP,244.3.213.210-244.3.160.239,5,1352,0.01686692237854004
244.3.213.210:4390-244.3.160.239:80-TCP,1261067376.877539,48,244.3.213.210,244.3.160.239,4390,80,TCP,244.3.213.210-244.3.160.239,12,1634,0.0005991458892822266
244.3.213.210:10123-244.3.160.239:80-TCP,1261067376.878138,48,244.3.213.210,244.3.160.239,10123,80,TCP,244.3.213.210-244.3.160.239,7,1434,0.0005190372467041016
244.3.213.210:2147-244.3.160.239:80-TCP,1261067376.878657,48,244.3.213.210,244.3.160.239,2147,80,TCP,244.3.213.210-244.3.160.239,6,1394,0.002048015594482422
244.3.213.210:14282-244.3.160.239:80-TCP,1261067376.880705,48,244.3.213.210,244.3.160.239,14282,80,TCP,244.3.213.210-244.3.160.239,5,1403,0.003490924835205078
244.3.213.210:7197-244.3.160.239:80-TCP,1261067376.884196,48,244.3.213.210,244.3.160.239,7197,80,TCP,244.3.213.210-244.3.160.239,5,1285,0.11127090454101562
244.3.213.210:10773-244.3.160.239:80-TCP,1261067376.995467,48,244.3.213.210,244.3.160.239,10773,80,TCP,244.3.213.210-244.3.160.239,5,1372,0.000759124755859375
244.3.213.210:13542-244.3.160.239:80-TCP,1261067376.996226,48,244.3.213.210,244.3.160.239,13542,80,TCP,244.3.213.210-244.3.160.239,5,1373,0.0012578964233398438
244.3.213.210:4637-244.3.160.239:80-TCP,1261067376.997484,48,244.3.213.210,244.3.160.239,4637,80,TCP,244.3.213.210-244.3.160.239,5,1375,0.045771121978759766
244.3.213.210:10700-244.3.160.239:80-TCP,1261067377.043255,48,244.3.213.210,244.3.160.239,10700,80,TCP,244.3.213.210-244.3.160.239,7,2126,0.3274979591369629
244.3.213.210:14890-244.3.160.239:80-TCP,1261067377.370753,48,244.3.213.210,244.3.160.239,14890,80,TCP,244.3.213.210-244.3.160.239,6,1446,0.3732728958129883
244.3.213.210:4901-244.3.160.239:80-TCP,1261067377.744026,48,244.3.213.210,244.3.160.239,4901,80,TCP,244.3.213.210-244.3.160.239,6,1247,251.74680399894714
244.3.213.210:10783-244.3.160.239:80-TCP,1261067629.49083,48,244.3.213.210,244.3.160.239,10783,80,TCP,244.3.213.210-244.3.160.239,5,1351,0.19053006172180176
244.3.213.210:7672-244.3.160.239:80-TCP,1261067629.68136,48,244.3.213.210,244.3.160.239,7672,80,TCP,244.3.213.210-244.3.160.239,5,1352,0.20795488357543945
244.3.213.210:11914-244.3.160.239:80-TCP,1261067629.889315,48,244.3.213.210,244.3.160.239,11914,80,TCP,244.3.213.210-244.3.160.239,10,2704,0.17604708671569824
244.3.213.210:16333-244.3.160.239:80-TCP,1261067630.065362,48,244.3.213.210,244.3.160.239,16333,80,TCP,244.3.213.210-244.3.160.239,5,1354,0.07994604110717773
244.3.213.210:6090-244.3.160.239:80-TCP,1261067630.145308,48,244.3.213.210,244.3.160.239,6090,80,TCP,244.3.213.210-244.3.160.239,5,1355,3.744381904602051
244.3.213.210:2987-244.3.160.239:80-TCP,1261067633.88969,48,244.3.213.210,244.3.160.239,2987,80,TCP,244.3.213.210-244.3.160.239,11,3066,0.0006561279296875
244.3.213.210:15314-244.3.160.239:80-TCP,1261067633.890346,48,244.3.213.210,244.3.160.239,15314,80,TCP,244.3.213.210-244.3.160.239,6,1593,0.21195101737976074
244.3.213.210:3046-244.3.160.239:80-TCP,1261067634.102297,48,244.3.213.210,244.3.160.239,3046,80,TCP,244.3.213.210-244.3.160.239,44,5176,0.0032608509063720703
244.3.213.210:8505-244.3.160.239:80-TCP,1261067634.105558,48,244.3.213.210,244.3.160.239,8505,80,TCP,244.3.213.210-244.3.160.239,11,2913,0.1680300235748291
244.3.213.210:9172-244.3.160.239:80-TCP,1261067634.273588,48,244.3.213.210,244.3.160.239,9172,80,TCP,244.3.213.210-244.3.160.239,11,2913,0.0005581378936767578
244.3.213.210:5075-244.3.160.239:80-TCP,1261067634.274146,48,244.3.213.210,244.3.160.239,5075,80,TCP,244.3.213.210-244.3.160.239,11,2926,0.2686798572540283
244.3.213.210:2514-244.3.160.239:80-TCP,1261067634.542826,48,244.3.213.210,244.3.160.239,2514,80,TCP,244.3.213.210-244.3.160.239,6,1593,0.33386802673339844
244.3.213.210:9657-244.3.160.239:80-TCP,1261067634.876694,48,244.3.213.210,244.3.160.239,9657,80,TCP,244.3.213.210-244.3.160.239,5,1419,0.20054197311401367
244.3.213.210:12205-244.3.160.239:80-TCP,1261067635.077236,48,244.3.213.210,244.3.160.239,12205,80,TCP,244.3.213.210-244.3.160.239,32,2533,0.001104116439819336
244.3.213.210:14784-244.3.160.239:80-TCP,1261067635.07834,48,244.3.213.210,244.3.160.239,14784,80,TCP,244.3.213.210-244.3.160.239,40,2799,0.2657010555267334
244.3.213.210:13580-244.3.160.239:80-TCP,1261067635.344041,48,244.3.213.210,244.3.160.239,13580,80,TCP,244.3.213.210-244.3.160.239,6,1410,0.0006229877471923828
244.3.213.210:5284-244.3.160.239:80-TCP,1261067635.344664,48,244.3.213.210,244.3.160.239,5284,80,TCP,244.3.213.210-244.3.160.239,5,1346,0.0031249523162841797
244.3.213.210:14526-244.3.160.239:80-TCP,1261067635.347789,48,244.3.213.210,244.3.160.239,14526,80,TCP,244.3.213.210-244.3.160.239,5,1562,0.07848191261291504
244.3.213.210:4029-244.3.160.239:80-TCP,1261067635.426271,48,244.3.213.210,244.3.160.239,4029,80,TCP,244.3.213.210-244.3.160.239,7,2475,0.09407901763916016
244.3.213.210:8374-244.3.160.239:80-TCP,1261067635.52035,48,244.3.213.210,244.3.160.239,8374,80,TCP,244.3.213.210-244.3.160.239,5,1558,0.18372797966003418
244.3.213.210:11873-244.3.160.239:80-TCP,1261067635.704078,48,244.3.213.210,244.3.160.239,11873,80,TCP,244.3.213.210-244.3.160.239,5,1370,96.31956195831299
244.3.213.210:10602-244.3.160.239:80-TCP,1261067732.02364,48,244.3.213.210,244.3.160.239,10602,80,TCP,244.3.213.210-244.3.160.239,5,1478,0.06683897972106934
244.3.213.210:7462-244.3.160.239:80-TCP,1261067732.090479,48,244.3.213.210,244.3.160.239,7462,80,TCP,244.3.213.210-244.3.160.239,5,1477,0.12745404243469238
244.3.213.210:9763-244.3.160.239:80-TCP,1261067732.217933,48,244.3.213.210,244.3.160.239,9763,80,TCP,244.3.213.210-244.3.160.239,6,1815,0.08249998092651367
244.3.213.210:10450-244.3.160.239:80-TCP,1261067732.300433,48,244.3.213.210,244.3.160.239,10450,80,TCP,244.3.213.210-244.3.160.239,5,1565,0.14961504936218262
244.3.213.210:10435-244.3.160.239:80-TCP,1261067732.450048,48,244.3.213.210,244.3.160.239,10435,80,TCP,244.3.213.210-244.3.160.239,6,1803,0.10184311866760254
244.3.213.210:14053-244.3.160.239:80-TCP,1261067732.551891,48,244.3.213.210,244.3.160.239,14053,80,TCP,244.3.213.210-244.3.160.239,139,6917,0.8920648097991943
244.3.213.210:8900-244.3.160.239:80-TCP,1261067733.443956,48,244.3.213.210,244.3.160.239,8900,80,TCP,244.3.213.210-244.3.160.239,5,1585,0.004554033279418945
244.3.213.210:11511-244.3.160.239:80-TCP,1261067733.44851,48,244.3.213.210,244.3.160.239,11511,80,TCP,244.3.213.210-244.3.160.239,5,1589,0.000637054443359375
244.3.213.210:3117-244.3.160.239:80-TCP,1261067733.449147,48,244.3.213.210,244.3.160.239,3117,80,TCP,244.3.213.210-244.3.160.239,5,1590,0.0007641315460205078
244.3.213.210:13546-244.3.160.239:80-TCP,1261067733.449911,48,244.3.213.210,244.3.160.239,13546,80,TCP,244.3.213.210-244.3.160.239,5,1601,0.0033979415893554688
244.3.213.210:16208-244.3.160.239:80-TCP,1261067733.453309,48,244.3.213.210,244.3.160.239,16208,80,TCP,244.3.213.210-244.3.160.239,5,1585,0.0006649494171142578
244.3.213.210:7317-244.3.160.239:80-TCP,1261067733.453974,48,244.3.213.210,244.3.160.239,7317,80,TCP,244.3.213.210-244.3.160.239,5,1599,0.062161922454833984
244.3.213.210:3368-244.3.160.239:80-TCP,1261067733.516136,48,244.3.213.210,244.3.160.239,3368,80,TCP,244.3.213.210-244.3.160.239,5,1601,0.001432180404663086
244.3.213.210:8591-244.3.160.239:80-TCP,1261067733.517568,48,244.3.213.210,244.3.160.239,8591,80,TCP,244.3.213.210-244.3.160.239,5,1601,0.008796930313110352
244.3.213.210:7135-244.3.160.239:80-TCP,1261067733.526365,48,244.3.213.210,244.3.160.239,7135,80,TCP,244.3.213.210-244.3.160.239,5,1587,0.003896951675415039
244.3.213.210:14261-244.3.160.239:80-TCP,1261067733.530262,48,244.3.213.210,244.3.160.239,14261,80,TCP,244.3.213.210-244.3.160.239,5,1598,0.05694890022277832
244.3.213.210:15105-244.3.160.239:80-TCP,1261067733.587211,48,244.3.213.210,244.3.160.239,15105,80,TCP,244.3.213.210-244.3.160.239,5,1595,0.0016891956329345703
244.3.213.210:2921-244.3.160.239:80-TCP,1261067733.5889,48,244.3.213.210,244.3.160.239,2921,80,TCP,244.3.213.210-244.3.160.239,5,1599,0.009079933166503906
244.3.213.210:2109-244.3.160.239:80-TCP,1261067733.59798,48,244.3.213.210,244.3.160.239,2109,80,TCP,244.3.213.210-244.3.160.239,5,1601,0.0014050006866455078
244.3.213.210:5709-244.3.160.239:80-TCP,1261067733.599385,48,244.3.213.210,244.3.160.239,5709,80,TCP,244.3.213.210-244.3.160.239,5,1591,0.05654788017272949
244.3.213.210:4024-244.3.160.239:80-TCP,1261067733.655933,48,244.3.213.210,244.3.160.239,4024,80,TCP,244.3.213.210-244.3.160.239,5,1601,0.005827188491821289
244.3.213.210:4722-244.3.160.239:80-TCP,1261067733.66176,48,244.3.213.210,244.3.160.239,4722,80,TCP,244.3.213.210-244.3.160.239,5,1605,0.007810831069946289
244.3.213.210:7783-244.3.160.239:80-TCP,1261067733.669571,48,244.3.213.210,244.3.160.239,7783,80,TCP,244.3.213.210-244.3.160.239,5,1599,0.0013740062713623047
244.3.213.210:15457-244.3.160.239:80-TCP,1261067733.670945,48,244.3.213.210,244.3.160.239,15457,80,TCP,244.3.213.210-244.3.160.239,5,1600,0.057929039001464844
244.3.213.210:15345-244.3.160.239:80-TCP,1261067733.728874,48,244.3.213.210,244.3.160.239,15345,80,TCP,244.3.213.210-244.3.160.239,5,1598,0.002855062484741211
244.3.213.210:10151-244.3.160.239:80-TCP,1261067733.731729,48,244.3.213.210,244.3.160.239,10151,80,TCP,244.3.213.210-244.3.160.239,5,1588,0.013453960418701172
244.3.213.210:15625-244.3.160.239:80-TCP,1261067733.745183,48,244.3.213.210,244.3.160.239,15625,80,TCP,244.3.213.210-244.3.160.239,5,1590,0.0005741119384765625
244.3.213.210:4540-244.3.160.239:80-TCP,1261067733.745757,48,244.3.213.210,244.3.160.239,4540,80,TCP,244.3.213.210-244.3.160.239,5,1602,0.055461883544921875
244.3.213.210:4430-244.3.160.239:80-TCP,1261067733.801219,48,244.3.213.210,244.3.160.239,4430,80,TCP,244.3.213.210-244.3.160.239,5,1597,0.0004589557647705078
244.3.213.210:6911-244.3.160.239:80-TCP,1261067733.801678,48,244.3.213.210,244.3.160.239,6911,80,TCP,244.3.213.210-244.3.160.239,5,1614,0.016611099243164062
244.3.213.210:9310-244.3.160.239:80-TCP,1261067733.818289,48,244.3.213.210,244.3.160.239,9310,80,TCP,244.3.213.210-244.3.160.239,5,1587,0.0027709007263183594
244.3.213.210:15894-244.3.160.239:80-TCP,1261067733.82106,48,244.3.213.210,244.3.160.239,15894,80,TCP,244.3.213.210-244.3.160.239,5,1603,0.04939699172973633
244.3.213.210:11416-244.3.160.239:80-TCP,1261067733.870457,48,244.3.213.210,244.3.160.239,11416,80,TCP,244.3.213.210-244.3.160.239,5,1599,0.003998994827270508
244.3.213.210:4216-244.3.160.239:80-TCP,1261067733.874456,48,244.3.213.210,244.3.160.239,4216,80,TCP,244.3.213.210-244.3.160.239,5,1589,0.01112818717956543
244.3.213.210:12279-244.3.160.239:80-TCP,1261067733.885584,48,244.3.213.210,244.3.160.239,12279,80,TCP,244.3.213.210-244.3.160.239,6,1614,0.006619930267333984
244.3.213.210:9378-244.3.160.239:80-TCP,1261067733.892204,48,244.3.213.210,244.3.160.239,9378,80,TCP,244.3.213.210-244.3.160.239,7,1654,0.05014801025390625
244.3.213.210:4399-244.3.160.239:80-TCP,1261067733.942352,48,244.3.213.210,244.3.160.239,4399,80,TCP,244.3.213.210-244.3.160.239,7,1654,0.0013568401336669922
244.3.213.210:6291-244.3.160.239:80-TCP,1261067733.943709,48,244.3.213.210,244.3.160.239,6291,80,TCP,244.3.213.210-244.3.160.239,5,1591,0.07261514663696289
244.3.213.210:13374-244.3.160.239:80-TCP,1261067734.016324,48,244.3.213.210,244.3.160.239,13374,80,TCP,244.3.213.210-244.3.160.239,5,1593,0.07272601127624512
244.3.213.210:3020-244.3.160.239:80-TCP,1261067734.08905,48,244.3.213.210,244.3.160.239,3020,80,TCP,244.3.213.210-244.3.160.239,5,1590,0.0005199909210205078
244.3.213.210:13351-244.3.160.239:80-TCP,1261067734.08957,48,244.3.213.210,244.3.160.239,13351,80,TCP,244.3.213.210-244.3.160.239,5,1595,0.002377033233642578
244.3.213.210:7569-244.3.160.239:80-TCP,1261067734.091947,48,244.3.213.210,244.3.160.239,7569,80,TCP,244.3.213.210-244.3.160.239,5,1592,0.06775188446044922
244.3.213.210:5740-244.3.160.239:80-TCP,1261067734.159699,48,244.3.213.210,244.3.160.239,5740,80,TCP,244.3.213.210-244.3.160.239,5,1596,0.0029070377349853516
244.3.213.210:10789-244.3.160.239:80-TCP,1261067734.162606,48,244.3.213.210,244.3.160.239,10789,80,TCP,244.3.213.210-244.3.160.239,5,1594,0.0003590583801269531
244.3.213.210:5128-244.3.160.239:80-TCP,1261067734.162965,48,244.3.213.210,244.3.160.239,5128,80,TCP,244.3.213.210-244.3.160.239,5,1588,0.01965498924255371
244.3.213.210:8104-244.3.160.239:80-TCP,1261067734.18262,48,244.3.213.210,244.3.160.239,8104,80,TCP,244.3.213.210-244.3.160.239,5,1594,0.048401832580566406
244.3.213.210:9687-244.3.160.239:80-TCP,1261067734.231022,48,244.3.213.210,244.3.160.239,9687,80,TCP,244.3.213.210-244.3.160.239,5,1596,1.069857120513916
244.3.213.210:10310-244.3.160.239:80-TCP,1261067735.300879,48,244.3.213.210,244.3.160.239,10310,80,TCP,244.3.213.210-244.3.160.239,7,1828,0.25238990783691406
244.3.213.210:9482-244.3.160.239:80-TCP,1261067735.553269,48,244.3.213.210,244.3.160.239,9482,80,TCP,244.3.213.210-244.3.160.239,5,1584,0.8358781337738037
244.3.213.210:8445-244.3.160.239:80-TCP,1261067736.389147,48,244.3.213.210,244.3.160.239,8445,80,TCP,244.3.213.210-244.3.160.239,5,1350,11.400054931640625
244.3.213.210:12675-244.3.160.239:80-TCP,1261067747.789202,48,244.3.213.210,244.3.160.239,12675,80,TCP,244.3.213.210-244.3.160.239,6,1787,0.028721094131469727
244.3.213.210:8833-244.3.160.239:80-TCP,1261067747.817923,48,244.3.213.210,244.3.160.239,8833,80,TCP,244.3.213.210-244.3.160.239,10,1947,0.2505209445953369
244.3.213.210:14279-244.3.160.239:80-TCP,1261067748.068444,48,244.3.213.210,244.3.160.239,14279,80,TCP,244.3.213.210-244.3.160.239,14,1876,0.2391510009765625
244.3.213.210:5702-244.3.160.239:80-TCP,1261067748.307595,48,244.3.213.210,244.3.160.239,5702,80,TCP,244.3.213.210-244.3.160.239,5,1520,0.0005190372467041016
244.3.213.210:6854-244.3.160.239:80-TCP,1261067748.308114,48,244.3.213.210,244.3.160.239,6854,80,TCP,244.3.213.210-244.3.160.239,5,1520,0.6237039566040039
244.3.213.210:4671-244.3.160.239:80-TCP,1261067748.931818,48,244.3.213.210,244.3.160.239,4671,80,TCP,244.3.213.210-244.3.160.239,7,1640,0.0004589557647705078
244.3.213.210:6734-244.3.160.239:80-TCP,1261067748.932277,48,244.3.213.210,244.3.160.239,6734,80,TCP,244.3.213.210-244.3.160.239,6,1600,0.00048804283142089844
244.3.213.210:13520-244.3.160.239:80-TCP,1261067748.932765,48,244.3.213.210,244.3.160.239,13520,80,TCP,244.3.213.210-244.3.160.239,8,1678,0.0004799365997314453
244.3.213.210:9594-244.3.160.239:80-TCP,1261067748.933245,48,244.3.213.210,244.3.160.239,9594,80,TCP,244.3.213.210-244.3.160.239,31,2583,0.3427281379699707
244.3.213.210:7301-244.3.160.239:80-TCP,1261067749.275973,48,244.3.213.210,244.3.160.239,7301,80,TCP,244.3.213.210-244.3.160.239,5,1520,0.46529102325439453
244.3.213.210:15611-244.3.160.239:80-TCP,1261067749.741264,48,244.3.213.210,244.3.160.239,15611,80,TCP,244.3.213.210-244.3.160.239,37,2842,0.0004138946533203125
244.3.213.210:9757-244.3.160.239:80-TCP,1261067749.741678,48,244.3.213.210,244.3.160.239,9757,80,TCP,244.3.213.210-244.3.160.239,12,1800,4.8888890743255615
244.3.213.210:14010-244.3.160.239:80-TCP,1261067754.630567,48,244.3.213.210,244.3.160.239,14010,80,TCP,244.3.213.210-244.3.160.239,7,1600,0.48513102531433105
244.3.213.210:5319-244.3.160.239:80-TCP,1261067755.115698,48,244.3.213.210,244.3.160.239,5319,80,TCP,244.3.213.210-244.3.160.239,6,1560,74.37441182136536
244.3.213.210:5392-244.3.160.239:80-TCP,1261067829.49011,48,244.3.213.210,244.3.160.239,5392,80,TCP,244.3.213.210-244.3.160.239,5,1452,0.07930302619934082
244.3.213.210:6108-244.3.160.239:80-TCP,1261067829.569413,48,244.3.213.210,244.3.160.239,6108,80,TCP,244.3.213.210-244.3.160.239,6,1591,0.0004870891571044922
244.3.213.210:9965-244.3.160.239:80-TCP,1261067829.5699,48,244.3.213.210,244.3.160.239,9965,80,TCP,244.3.213.210-244.3.160.239,6,1591,0.2176048755645752
244.3.213.210:12030-244.3.160.239:80-TCP,1261067829.787505,48,244.3.213.210,244.3.160.239,12030,80,TCP,244.3.213.210-244.3.160.239,46,6417,0.00469207763671875
244.3.213.210:9201-244.3.160.239:80-TCP,1261067829.792197,48,244.3.213.210,244.3.160.239,9201,80,TCP,244.3.213.210-244.3.160.239,6,1591,4.193457126617432
244.3.213.210:6040-244.3.160.239:80-TCP,1261067833.985654,48,244.3.213.210,244.3.160.239,6040,80,TCP,244.3.213.210-244.3.160.239,5,1544,0.0114898681640625
244.3.213.210:15576-244.3.160.239:80-TCP,1261067833.997144,48,244.3.213.210,244.3.160.239,15576,80,TCP,244.3.213.210-244.3.160.239,6,1397,0.06978511810302734
244.3.213.210:12887-244.3.160.239:80-TCP,1261067834.066929,48,244.3.213.210,244.3.160.239,12887,80,TCP,244.3.213.210-244.3.160.239,8,2583,0.28404879570007324
244.3.213.210:8099-244.3.160.239:80-TCP,1261067834.350978,48,244.3.213.210,244.3.160.239,8099,80,TCP,244.3.213.210-244.3.160.239,6,1462,4.087463140487671
244.3.213.210:2541-244.3.160.239:80-TCP,1261067838.438441,48,244.3.213.210,244.3.160.239,2541,80,TCP,244.3.213.210-244.3.160.239,6,1739,6.349948883056641
244.3.213.210:10028-244.3.160.239:80-TCP,1261067844.78839,48,244.3.213.210,244.3.160.239,10028,80,TCP,244.3.213.210-244.3.160.239,5,1564,0.06907200813293457
244.3.213.210:5248-244.3.160.239:80-TCP,1261067844.857462,48,244.3.213.210,244.3.160.239,5248,80,TCP,244.3.213.210-244.3.160.239,13,1763,0.35817408561706543
244.3.213.210:12165-244.3.160.239:80-TCP,1261067845.215636,48,244.3.213.210,244.3.160.239,12165,80,TCP,244.3.213.210-244.3.160.239,7,1935,0.40732502937316895
244.3.213.210:8942-244.3.160.239:80-TCP,1261067845.622961,48,244.3.213.210,244.3.160.239,8942,80,TCP,244.3.213.210-244.3.160.239,6,1506,0.3950538635253906
244.3.213.210:2143-244.3.160.239:80-TCP,1261067846.018015,48,244.3.213.210,244.3.160.239,2143,80,TCP,244.3.213.210-244.3.160.239,6,1522,0.0007259845733642578
244.3.213.210:13385-244.3.160.239:80-TCP,1261067846.018741,48,244.3.213.210,244.3.160.239,13385,80,TCP,244.3.213.210-244.3.160.239,6,1520,0.0011661052703857422
244.3.213.210:9619-244.3.160.239:80-TCP,1261067846.019907,48,244.3.213.210,244.3.160.239,9619,80,TCP,244.3.213.210-244.3.160.239,6,1525,0.0005550384521484375
244.3.213.210:5125-244.3.160.239:80-TCP,1261067846.020462,48,244.3.213.210,244.3.160.239,5125,80,TCP,244.3.213.210-244.3.160.239,6,1527,0.0018680095672607422
244.3.213.210:6003-244.3.160.239:80-TCP,1261067846.02233,48,244.3.213.210,244.3.160.239,6003,80,TCP,244.3.213.210-244.3.160.239,6,1527,0.0004229545593261719
244.3.213.210:6813-244.3.160.239:80-TCP,1261067846.022753,48,244.3.213.210,244.3.160.239,6813,80,TCP,244.3.213.210-244.3.160.239,6,1525,0.3255350589752197
244.3.213.210:14144-244.3.160.239:80-TCP,1261067846.348288,48,244.3.213.210,244.3.160.239,14144,80,TCP,244.3.213.210-244.3.160.239,6,1525,0.0005278587341308594
244.3.213.210:12979-244.3.160.239:80-TCP,1261067846.348816,48,244.3.213.210,244.3.160.239,12979,80,TCP,244.3.213.210-244.3.160.239,6,1525,0.0005180835723876953
244.3.213.210:5784-244.3.160.239:80-TCP,1261067846.349334,48,244.3.213.210,244.3.160.239,5784,80,TCP,244.3.213.210-244.3.160.239,6,1525,0.0002911090850830078
244.3.213.210:3798-244.3.160.239:80-TCP,1261067846.349625,48,244.3.213.210,244.3.160.239,3798,80,TCP,244.3.213.210-244.3.160.239,6,1527,0.0007069110870361328
244.3.213.210:15290-244.3.160.239:80-TCP,1261067846.350332,48,244.3.213.210,244.3.160.239,15290,80,TCP,244.3.213.210-244.3.160.239,6,1525,0.0008680820465087891
244.3.213.210:10851-244.3.160.239:80-TCP,1261067846.3512,48,244.3.213.210,244.3.160.239,10851,80,TCP,244.3.213.210-244.3.160.239,6,1526,0.32465386390686035
244.3.213.210:5827-244.3.160.239:80-TCP,1261067846.675854,48,244.3.213.210,244.3.160.239,5827,80,TCP,244.3.213.210-244.3.160.239,6,1525,0.0006189346313476562
244.3.213.210:6233-244.3.160.239:80-TCP,1261067846.676473,48,244.3.213.210,244.3.160.239,6233,80,TCP,244.3.213.210-244.3.160.239,6,1525,0.0004901885986328125
244.3.213.210:15229-244.3.160.239:80-TCP,1261067846.676963,48,244.3.213.210,244.3.160.239,15229,80,TCP,244.3.213.210-244.3.160.239,6,1525,0.0004220008850097656
244.3.213.210:11376-244.3.160.239:80-TCP,1261067846.677385,48,244.3.213.210,244.3.160.239,11376,80,TCP,244.3.213.210-244.3.160.239,6,1519,0.000926971435546875
244.3.213.210:12550-244.3.160.239:80-TCP,1261067846.678312,48,244.3.213.210,244.3.160.239,12550,80,TCP,244.3.213.210-244.3.160.239,6,1520,0.0004558563232421875
244.3.213.210:5147-244.3.160.239:80-TCP,1261067846.678768,48,244.3.213.210,244.3.160.239,5147,80,TCP,244.3.213.210-244.3.160.239,6,1525,0.300137996673584
244.3.213.210:2990-244.3.160.239:80-TCP,1261067846.978906,48,244.3.213.210,244.3.160.239,2990,80,TCP,244.3.213.210-244.3.160.239,6,1525,0.0004019737243652344
244.3.213.210:13778-244.3.160.239:80-TCP,1261067846.979308,48,244.3.213.210,244.3.160.239,13778,80,TCP,244.3.213.210-244.3.160.239,6,1520,0.0004780292510986328
244.3.213.210:8598-244.3.160.239:80-TCP,1261067846.979786,48,244.3.213.210,244.3.160.239,8598,80,TCP,244.3.213.210-244.3.160.239,7,1562,0.0004181861877441406
244.3.213.210:6130-244.3.160.239:80-TCP,1261067846.980204,48,244.3.213.210,244.3.160.239,6130,80,TCP,244.3.213.210-244.3.160.239,5,1488,0.0004489421844482422
244.3.213.210:12563-244.3.160.239:80-TCP,1261067846.980653,48,244.3.213.210,244.3.160.239,12563,80,TCP,244.3.213.210-244.3.160.239,7,1574,0.00031495094299316406
244.3.213.210:5379-244.3.160.239:80-TCP,1261067846.980968,48,244.3.213.210,244.3.160.239,5379,80,TCP,244.3.213.210-244.3.160.239,5,1509,0.27013111114501953
244.3.213.210:6648-244.3.160.239:80-TCP,1261067847.251099,48,244.3.213.210,244.3.160.239,6648,80,TCP,244.3.213.210-244.3.160.239,5,1489,0.5287208557128906
244.3.213.210:7164-244.3.160.239:80-TCP,1261067847.77982,48,244.3.213.210,244.3.160.239,7164,80,TCP,244.3.213.210-244.3.160.239,6,1385,3.036513090133667
244.3.213.210:4355-244.3.160.239:80-TCP,1261067850.816333,48,244.3.213.210,244.3.160.239,4355,80,TCP,244.3.213.210-244.3.160.239,16,2021,10.267513990402222
244.3.213.210:11434-244.3.160.239:80-TCP,1261067861.083847,48,244.3.213.210,244.3.160.239,11434,80,TCP,244.3.213.210-244.3.160.239,5,1558,0.06483602523803711
244.3.213.210:15423-244.3.160.239:80-TCP,1261067861.148683,48,244.3.213.210,244.3.160.239,15423,80,TCP,244.3.213.210-244.3.160.239,22,2111,0.3588080406188965
244.3.213.210:16355-244.3.160.239:80-TCP,1261067861.507491,48,244.3.213.210,244.3.160.239,16355,80,TCP,244.3.213.210-244.3.160.239,7,1931,2.05617094039917
244.3.213.210:2928-244.3.160.239:80-TCP,1261067863.563662,48,244.3.213.210,244.3.160.239,2928,80,TCP,244.3.213.210-244.3.160.239,6,1490,0.0004038810729980469
244.3.213.210:3868-244.3.160.239:80-TCP,1261067863.564066,48,244.3.213.210,244.3.160.239,3868,80,TCP,244.3.213.210-244.3.160.239,6,1483,0.0007560253143310547
244.3.213.210:7575-244.3.160.239:80-TCP,1261067863.564822,48,244.3.213.210,244.3.160.239,7575,80,TCP,244.3.213.210-244.3.160.239,7,1513,0.11381697654724121
244.3.213.210:4734-244.3.160.239:80-TCP,1261067863.678639,48,244.3.213.210,244.3.160.239,4734,80,TCP,244.3.213.210-244.3.160.239,7,1512,0.11056995391845703
244.3.213.210:7315-244.3.160.239:80-TCP,1261067863.789209,48,244.3.213.210,244.3.160.239,7315,80,TCP,244.3.213.210-244.3.160.239,9,1594,0.133209228515625
244.3.213.210:5986-244.3.160.239:80-TCP,1261067863.922418,48,244.3.213.210,244.3.160.239,5986,80,TCP,244.3.213.210-244.3.160.239,12,1650,0.03557777404785156
244.3.213.210:15225-244.3.160.239:80-TCP,1261067863.957996,48,244.3.213.210,244.3.160.239,15225,80,TCP,244.3.213.210-244.3.160.239,6,1506,0.0028531551361083984
244.3.213.210:4547-244.3.160.239:80-TCP,1261067863.960849,48,244.3.213.210,244.3.160.239,4547,80,TCP,244.3.213.210-244.3.160.239,6,1512,0.05748891830444336
244.3.213.210:9526-244.3.160.239:80-TCP,1261067864.018338,48,244.3.213.210,244.3.160.239,9526,80,TCP,244.3.213.210-244.3.160.239,6,1391,4.240385055541992
244.3.213.210:11856-244.3.160.239:80-TCP,1261067868.258723,48,244.3.213.210,244.3.160.239,11856,80,TCP,244.3.213.210-244.3.160.239,5,1633,1.447803020477295
244.3.213.210:14316-244.3.160.239:80-TCP,1261067869.706526,48,244.3.213.210,244.3.160.239,14316,80,TCP,244.3.213.210-244.3.160.239,5,1504,0.017027854919433594
244.3.213.210:9858-244.3.160.239:80-TCP,1261067869.723554,48,244.3.213.210,244.3.160.239,9858,80,TCP,244.3.213.210-244.3.160.239,5,1487,0.11735320091247559
244.3.213.210:6361-244.3.160.239:80-TCP,1261067869.840907,48,244.3.213.210,244.3.160.239,6361,80,TCP,244.3.213.210-244.3.160.239,5,1498,1.2623658180236816
244.3.213.210:15866-244.3.160.239:80-TCP,1261067871.103273,48,244.3.213.210,244.3.160.239,15866,80,TCP,244.3.213.210-244.3.160.239,32,2650,0.44452500343322754
244.3.213.210:13033-244.3.160.239:80-TCP,1261067871.547798,48,244.3.213.210,244.3.160.239,13033,80,TCP,244.3.213.210-244.3.160.239,14,1906,0.0007250308990478516
244.3.213.210:7333-244.3.160.239:80-TCP,1261067871.548523,48,244.3.213.210,244.3.160.239,7333,80,TCP,244.3.213.210-244.3.160.239,5,1550,0.00015497207641601562
244.3.213.210:7439-244.3.160.239:80-TCP,1261067871.548678,48,244.3.213.210,244.3.160.239,7439,80,TCP,244.3.213.210-244.3.160.239,53,3431,0.0003960132598876953
244.3.213.210:16331-244.3.160.239:80-TCP,1261067871.549074,48,244.3.213.210,244.3.160.239,16331,80,TCP,244.3.213.210-244.3.160.239,6,1550,0.0005960464477539062
244.3.213.210:7104-244.3.160.239:80-TCP,1261067871.54967,48,244.3.213.210,244.3.160.239,7104,80,TCP,244.3.213.210-244.3.160.239,5,1517,0.0009250640869140625
244.3.213.210:5626-244.3.160.239:80-TCP,1261067871.550595,48,244.3.213.210,244.3.160.239,5626,80,TCP,244.3.213.210-244.3.160.239,43,3036,0.08916187286376953
244.3.213.210:8224-244.3.160.239:80-TCP,1261067871.639757,48,244.3.213.210,244.3.160.239,8224,80,TCP,244.3.213.210-244.3.160.239,6,1373,0.0024030208587646484
244.3.213.210:8225-244.3.160.239:80-TCP,1261067871.64216,48,244.3.213.210,244.3.160.239,8225,80,TCP,244.3.213.210-244.3.160.239,5,1482,0.13164997100830078
244.3.213.210:13621-244.3.160.239:80-TCP,1261067871.77381,48,244.3.213.210,244.3.160.239,13621,80,TCP,244.3.213.210-244.3.160.239,12,1754,0.21082305908203125
244.3.213.210:14587-244.3.160.239:80-TCP,1261067871.984633,48,244.3.213.210,244.3.160.239,14587,80,TCP,244.3.213.210-244.3.160.239,13,1853,0.2110309600830078
244.3.213.210:6089-244.3.160.239:80-TCP,1261067872.195664,48,244.3.213.210,244.3.160.239,6089,80,TCP,244.3.213.210-244.3.160.239,61,3756,0.42671799659729004
244.3.213.210:5290-244.3.160.239:80-TCP,1261067872.622382,48,244.3.213.210,244.3.160.239,5290,80,TCP,244.3.213.210-244.3.160.239,35,2714,0.31551599502563477
244.3.213.210:15614-244.3.160.239:80-TCP,1261067872.937898,48,244.3.213.210,244.3.160.239,15614,80,TCP,244.3.213.210-244.3.160.239,78,4428,0.5012831687927246
244.3.213.210:14292-244.3.160.239:80-TCP,1261067873.439181,48,244.3.213.210,244.3.160.239,14292,80,TCP,244.3.213.210-244.3.160.239,5,1518,0.0012350082397460938
244.3.213.210:13042-244.3.160.239:80-TCP,1261067873.440416,48,244.3.213.210,244.3.160.239,13042,80,TCP,244.3.213.210-244.3.160.239,8,1627,0.12962985038757324
244.3.213.210:5122-244.3.160.239:80-TCP,1261067873.570046,48,244.3.213.210,244.3.160.239,5122,80,TCP,244.3.213.210-244.3.160.239,6,1559,0.12910699844360352
244.3.213.210:12823-244.3.160.239:80-TCP,1261067873.699153,48,244.3.213.210,244.3.160.239,12823,80,TCP,244.3.213.210-244.3.160.239,5,1510,0.08808708190917969
244.3.213.210:12242-244.3.160.239:80-TCP,1261067873.78724,48,244.3.213.210,244.3.160.239,12242,80,TCP,244.3.213.210-244.3.160.239,5,1507,0.088623046875
244.3.213.210:13965-244.3.160.239:80-TCP,1261067873.875863,48,244.3.213.210,244.3.160.239,13965,80,TCP,244.3.213.210-244.3.160.239,5,1530,0.08792495727539062
244.3.213.210:15535-244.3.160.239:80-TCP,1261067873.963788,48,244.3.213.210,244.3.160.239,15535,80,TCP,244.3.213.210-244.3.160.239,8,1631,0.13095688819885254
244.3.213.210:12820-244.3.160.239:80-TCP,1261067874.094745,48,244.3.213.210,244.3.160.239,12820,80,TCP,244.3.213.210-244.3.160.239,5,1508,0.2771461009979248
244.3.213.210:13226-244.3.160.239:80-TCP,1261067874.371891,48,244.3.213.210,244.3.160.239,13226,80,TCP,244.3.213.210-244.3.160.239,6,1558,0.0005519390106201172
244.3.213.210:4059-244.3.160.239:80-TCP,1261067874.372443,48,244.3.213.210,244.3.160.239,4059,80,TCP,244.3.213.210-244.3.160.239,7,1611,0.002290964126586914
244.3.213.210:7805-244.3.160.239:80-TCP,1261067874.374734,48,244.3.213.210,244.3.160.239,7805,80,TCP,244.3.213.210-244.3.160.239,6,1578,0.0015690326690673828
244.3.213.210:3071-244.3.160.239:80-TCP,1261067874.376303,48,244.3.213.210,244.3.160.239,3071,80,TCP,244.3.213.210-244.3.160.239,6,1563,0.0005230903625488281
244.3.213.210:4080-244.3.160.239:80-TCP,1261067874.376826,48,244.3.213.210,244.3.160.239,4080,80,TCP,244.3.213.210-244.3.160.239,6,1563,0.0005030632019042969
244.3.213.210:7280-244.3.160.239:80-TCP,1261067874.377329,48,244.3.213.210,244.3.160.239,7280,80,TCP,244.3.213.210-244.3.160.239,6,1571,0.0008537769317626953
244.3.213.210:3090-244.3.160.239:80-TCP,1261067874.378183,48,244.3.213.210,244.3.160.239,3090,80,TCP,244.3.213.210-244.3.160.239,6,1571,0.15860199928283691
244.3.213.210:8151-244.3.160.239:80-TCP,1261067874.536785,48,244.3.213.210,244.3.160.239,8151,80,TCP,244.3.213.210-244.3.160.239,6,1570,0.0005240440368652344
244.3.213.210:5803-244.3.160.239:80-TCP,1261067874.537309,48,244.3.213.210,244.3.160.239,5803,80,TCP,244.3.213.210-244.3.160.239,6,1570,0.00047206878662109375
244.3.213.210:4798-244.3.160.239:80-TCP,1261067874.537781,48,244.3.213.210,244.3.160.239,4798,80,TCP,244.3.213.210-244.3.160.239,6,1572,0.00046706199645996094
244.3.213.210:7607-244.3.160.239:80-TCP,1261067874.538248,48,244.3.213.210,244.3.160.239,7607,80,TCP,244.3.213.210-244.3.160.239,6,1574,0.00049591064453125
244.3.213.210:9407-244.3.160.239:80-TCP,1261067874.538744,48,244.3.213.210,244.3.160.239,9407,80,TCP,244.3.213.210-244.3.160.239,6,1572,0.000865936279296875
244.3.213.210:3434-244.3.160.239:80-TCP,1261067874.53961,48,244.3.213.210,244.3.160.239,3434,80,TCP,244.3.213.210-244.3.160.239,6,1573,0.1083681583404541
244.3.213.210:12604-244.3.160.239:80-TCP,1261067874.647978,48,244.3.213.210,244.3.160.239,12604,80,TCP,244.3.213.210-244.3.160.239,6,1616,0.0006449222564697266
244.3.213.210:3130-244.3.160.239:80-TCP,1261067874.648623,48,244.3.213.210,244.3.160.239,3130,80,TCP,244.3.213.210-244.3.160.239,6,1573,0.000392913818359375
244.3.213.210:5494-244.3.160.239:80-TCP,1261067874.649016,48,244.3.213.210,244.3.160.239,5494,80,TCP,244.3.213.210-244.3.160.239,6,1472,0.000553131103515625
244.3.213.210:14758-244.3.160.239:80-TCP,1261067874.649569,48,244.3.213.210,244.3.160.239,14758,80,TCP,244.3.213.210-244.3.160.239,6,1495,0.0003058910369873047
244.3.213.210:7179-244.3.160.239:80-TCP,1261067874.649875,48,244.3.213.210,244.3.160.239,7179,80,TCP,244.3.213.210-244.3.160.239,6,1487,0.0012660026550292969
244.3.213.210:10669-244.3.160.239:80-TCP,1261067874.651141,48,244.3.213.210,244.3.160.239,10669,80,TCP,244.3.213.210-244.3.160.239,6,1490,0.10747313499450684
244.3.213.210:5522-244.3.160.239:80-TCP,1261067874.758614,48,244.3.213.210,244.3.160.239,5522,80,TCP,244.3.213.210-244.3.160.239,6,1483,0.00033402442932128906
244.3.213.210:7086-244.3.160.239:80-TCP,1261067874.758948,48,244.3.213.210,244.3.160.239,7086,80,TCP,244.3.213.210-244.3.160.239,6,1484,0.0004329681396484375
244.3.213.210:15859-244.3.160.239:80-TCP,1261067874.759381,48,244.3.213.210,244.3.160.239,15859,80,TCP,244.3.213.210-244.3.160.239,6,1485,0.0004229545593261719
244.3.213.210:7652-244.3.160.239:80-TCP,1261067874.759804,48,244.3.213.210,244.3.160.239,7652,80,TCP,244.3.213.210-244.3.160.239,6,1486,0.00041604042053222656
244.3.213.210:9015-244.3.160.239:80-TCP,1261067874.76022,48,244.3.213.210,244.3.160.239,9015,80,TCP,244.3.213.210-244.3.160.239,6,1485,0.0004489421844482422
244.3.213.210:7686-244.3.160.239:80-TCP,1261067874.760669,48,244.3.213.210,244.3.160.239,7686,80,TCP,244.3.213.210-244.3.160.239,6,1484,0.1064751148223877
244.3.213.210:11586-244.3.160.239:80-TCP,1261067874.867144,48,244.3.213.210,244.3.160.239,11586,80,TCP,244.3.213.210-244.3.160.239,6,1483,0.0005559921264648438
244.3.213.210:11582-244.3.160.239:80-TCP,1261067874.8677,48,244.3.213.210,244.3.160.239,11582,80,TCP,244.3.213.210-244.3.160.239,6,1488,0.0005528926849365234
244.3.213.210:12082-244.3.160.239:80-TCP,1261067874.868253,48,244.3.213.210,244.3.160.239,12082,80,TCP,244.3.213.210-244.3.160.239,6,1483,0.0005359649658203125
244.3.213.210:11688-244.3.160.239:80-TCP,1261067874.868789,48,244.3.213.210,244.3.160.239,11688,80,TCP,244.3.213.210-244.3.160.239,6,1482,0.0009360313415527344
244.3.213.210:2945-244.3.160.239:80-TCP,1261067874.869725,48,244.3.213.210,244.3.160.239,2945,80,TCP,244.3.213.210-244.3.160.239,6,1493,0.0002770423889160156
244.3.213.210:8710-244.3.160.239:80-TCP,1261067874.870002,48,244.3.213.210,244.3.160.239,8710,80,TCP,244.3.213.210-244.3.160.239,6,1484,0.11531496047973633
244.3.213.210:6450-244.3.160.239:80-TCP,1261067874.985317,48,244.3.213.210,244.3.160.239,6450,80,TCP,244.3.213.210-244.3.160.239,6,1593,0.014765024185180664
244.3.213.210:4449-244.3.160.239:80-TCP,1261067875.000082,48,244.3.213.210,244.3.160.239,4449,80,TCP,244.3.213.210-244.3.160.239,6,1356,3.701658010482788
244.3.213.210:4436-244.3.160.239:80-TCP,1261067878.70174,48,244.3.213.210,244.3.160.239,4436,80,TCP,244.3.213.210-244.3.160.239,11,9217,0.44028186798095703
244.3.213.210:9623-244.3.160.239:80-TCP,1261067879.142022,48,244.3.213.210,244.3.160.239,9623,80,TCP,244.3.213.210-244.3.160.239,5,1608,0.6511950492858887
244.3.213.210:4276-244.3.160.239:80-TCP,1261067879.793217,48,244.3.213.210,244.3.160.239,4276,80,TCP,244.3.213.210-244.3.160.239,8,1678,0.0035910606384277344
244.3.213.210:12477-244.3.160.239:80-TCP,1261067879.796808,48,244.3.213.210,244.3.160.239,12477,80,TCP,244.3.213.210-244.3.160.239,5,1610,0.09865808486938477
244.3.213.210:14917-244.3.160.239:80-TCP,1261067879.895466,48,244.3.213.210,244.3.160.239,14917,80,TCP,244.3.213.210-244.3.160.239,10,1878,0.2568659782409668
244.3.213.210:8837-244.3.160.239:80-TCP,1261067880.152332,48,244.3.213.210,244.3.160.239,8837,80,TCP,244.3.213.210-244.3.160.239,25,2375,0.03749990463256836
244.3.213.210:16325-244.3.160.239:80-TCP,1261067880.189832,48,244.3.213.210,244.3.160.239,16325,80,TCP,244.3.213.210-244.3.160.239,45,3066,0.0005519390106201172
244.3.213.210:4680-244.3.160.239:80-TCP,1261067880.190384,48,244.3.213.210,244.3.160.239,4680,80,TCP,244.3.213.210-244.3.160.239,37,2745,0.06820511817932129
244.3.213.210:14114-244.3.160.239:80-TCP,1261067880.258589,48,244.3.213.210,244.3.160.239,14114,80,TCP,244.3.213.210-244.3.160.239,7,1662,0.09763598442077637
244.3.213.210:8839-244.3.160.239:80-TCP,1261067880.356225,48,244.3.213.210,244.3.160.239,8839,80,TCP,244.3.213.210-244.3.160.239,6,1622,0.21599602699279785
244.3.213.210:14723-244.3.160.239:80-TCP,1261067880.572221,48,244.3.213.210,244.3.160.239,14723,80,TCP,244.3.213.210-244.3.160.239,9,1622,0.16699790954589844
244.3.213.210:13424-244.3.160.239:80-TCP,1261067880.739219,48,244.3.213.210,244.3.160.239,13424,80,TCP,244.3.213.210-244.3.160.239,7,1541,0.061573028564453125
244.3.213.210:7470-244.3.160.239:80-TCP,1261067880.800792,48,244.3.213.210,244.3.160.239,7470,80,TCP,244.3.213.210-244.3.160.239,16,2064,0.000370025634765625
244.3.213.210:9091-244.3.160.239:80-TCP,1261067880.801162,48,244.3.213.210,244.3.160.239,9091,80,TCP,244.3.213.210-244.3.160.239,7,1674,0.06625509262084961
244.3.213.210:9705-244.3.160.239:80-TCP,1261067880.867417,48,244.3.213.210,244.3.160.239,9705,80,TCP,244.3.213.210-244.3.160.239,5,1462,0.08807492256164551
244.3.213.210:15134-244.3.160.239:80-TCP,1261067880.955492,48,244.3.213.210,244.3.160.239,15134,80,TCP,244.3.213.210-244.3.160.239,5,1460,0.011967897415161133
244.3.213.210:5243-244.3.160.239:80-TCP,1261067880.96746,48,244.3.213.210,244.3.160.239,5243,80,TCP,244.3.213.210-244.3.160.239,6,1622,0.07787013053894043
244.3.213.210:10291-244.3.160.239:80-TCP,1261067881.04533,48,244.3.213.210,244.3.160.239,10291,80,TCP,244.3.213.210-244.3.160.239,8,1581,0.12959694862365723
244.3.213.210:13490-244.3.160.239:80-TCP,1261067881.174927,48,244.3.213.210,244.3.160.239,13490,80,TCP,244.3.213.210-244.3.160.239,8,1577,0.12993192672729492
244.3.213.210:9032-244.3.160.239:80-TCP,1261067881.304859,48,244.3.213.210,244.3.160.239,9032,80,TCP,244.3.213.210-244.3.160.239,5,1467,0.0883791446685791
244.3.213.210:2446-244.3.160.239:80-TCP,1261067881.393238,48,244.3.213.210,244.3.160.239,2446,80,TCP,244.3.213.210-244.3.160.239,6,1517,0.12610602378845215
244.3.213.210:13983-244.3.160.239:80-TCP,1261067881.519344,48,244.3.213.210,244.3.160.239,13983,80,TCP,244.3.213.210-244.3.160.239,5,1468,0.08847188949584961
244.3.213.210:14159-244.3.160.239:80-TCP,1261067881.607816,48,244.3.213.210,244.3.160.239,14159,80,TCP,244.3.213.210-244.3.160.239,5,1463,0.04182291030883789
244.3.213.210:8095-244.3.160.239:80-TCP,1261067881.649639,48,244.3.213.210,244.3.160.239,8095,80,TCP,244.3.213.210-244.3.160.239,6,1622,0.04507017135620117
244.3.213.210:8319-244.3.160.239:80-TCP,1261067881.694709,48,244.3.213.210,244.3.160.239,8319,80,TCP,244.3.213.210-244.3.160.239,5,1458,0.08951282501220703
244.3.213.210:3096-244.3.160.239:80-TCP,1261067881.784222,48,244.3.213.210,244.3.160.239,3096,80,TCP,244.3.213.210-244.3.160.239,12,1744,0.07497811317443848
244.3.213.210:4703-244.3.160.239:80-TCP,1261067881.8592,48,244.3.213.210,244.3.160.239,4703,80,TCP,244.3.213.210-244.3.160.239,5,1582,0.1360158920288086
244.3.213.210:4666-244.3.160.239:80-TCP,1261067881.995216,48,244.3.213.210,244.3.160.239,4666,80,TCP,244.3.213.210-244.3.160.239,6,1488,0.0006392002105712891
244.3.213.210:16133-244.3.160.239:80-TCP,1261067881.995855,48,244.3.213.210,244.3.160.239,16133,80,TCP,244.3.213.210-244.3.160.239,6,1483,0.06985998153686523
244.3.213.210:12187-244.3.160.239:80-TCP,1261067882.065715,48,244.3.213.210,244.3.160.239,12187,80,TCP,244.3.213.210-244.3.160.239,15,2022,0.0005719661712646484
244.3.213.210:7529-244.3.160.239:80-TCP,1261067882.066287,48,244.3.213.210,244.3.160.239,7529,80,TCP,244.3.213.210-244.3.160.239,14,1966,0.968040943145752
244.3.213.210:12848-244.3.160.239:80-TCP,1261067883.034328,48,244.3.213.210,244.3.160.239,12848,80,TCP,244.3.213.210-244.3.160.239,24,2383,0.004544973373413086
244.3.213.210:3379-244.3.160.239:80-TCP,1261067883.038873,48,244.3.213.210,244.3.160.239,3379,80,TCP,244.3.213.210-244.3.160.239,6,1622,0.09620499610900879
244.3.213.210:12623-244.3.160.239:80-TCP,1261067883.135078,48,244.3.213.210,244.3.160.239,12623,80,TCP,244.3.213.210-244.3.160.239,6,1622,0.31562113761901855
244.3.213.210:6520-244.3.160.239:80-TCP,1261067883.450699,48,244.3.213.210,244.3.160.239,6520,80,TCP,244.3.213.210-244.3.160.239,6,1622,0.6482899188995361
244.3.213.210:8301-244.3.160.239:80-TCP,1261067884.098989,48,244.3.213.210,244.3.160.239,8301,80,TCP,244.3.213.210-244.3.160.239,15,1982,0.4884660243988037
244.3.213.210:9456-244.3.160.239:80-TCP,1261067884.587455,48,244.3.213.210,244.3.160.239,9456,80,TCP,244.3.213.210-244.3.160.239,7,1662,392.1028518676758
244.3.213.210:6843-244.3.160.239:80-TCP,1261068276.690307,48,244.3.213.210,244.3.160.239,6843,80,TCP,244.3.213.210-244.3.160.239,6,1713,585.8134701251984
244.3.213.210:2518-244.3.160.239:80-TCP,1261068862.503777,48,244.3.213.210,244.3.160.239,2518,80,TCP,244.3.213.210-244.3.160.239,6,1428,0.11542391777038574
244.3.213.210:9955-244.3.160.239:80-TCP,1261068862.619201,48,244.3.213.210,244.3.160.239,9955,80,TCP,244.3.213.210-244.3.160.239,5,1511,0.015212059020996094
244.3.213.210:15846-244.3.160.239:80-TCP,1261068862.634413,48,244.3.213.210,244.3.160.239,15846,80,TCP,244.3.213.210-244.3.160.239,5,1524,0.608644962310791
244.3.213.210:3575-244.3.160.239:80-TCP,1261068863.243058,48,244.3.213.210,244.3.160.239,3575,80,TCP,244.3.213.210-244.3.160.239,5,1633,0.275346040725708
244.3.213.210:11485-244.3.160.239:80-TCP,1261068863.518404,48,244.3.213.210,244.3.160.239,11485,80,TCP,244.3.213.210-244.3.160.239,6,1749,0.06792497634887695
244.3.213.210:4847-244.3.160.239:80-TCP,1261068863.586329,48,244.3.213.210,244.3.160.239,4847,80,TCP,244.3.213.210-244.3.160.239,21,2290,0.41371703147888184
244.3.213.210:10989-244.3.160.239:80-TCP,1261068864.000046,48,244.3.213.210,244.3.160.239,10989,80,TCP,244.3.213.210-244.3.160.239,5,1480,0.012465953826904297
244.3.213.210:3637-244.3.160.239:80-TCP,1261068864.012512,48,244.3.213.210,244.3.160.239,3637,80,TCP,244.3.213.210-244.3.160.239,5,1493,0.021693944931030273
244.3.213.210:10600-244.3.160.239:80-TCP,1261068864.034206,48,244.3.213.210,244.3.160.239,10600,80,TCP,244.3.213.210-244.3.160.239,5,1482,0.01646709442138672
244.3.213.210:15956-244.3.160.239:80-TCP,1261068864.050673,48,244.3.213.210,244.3.160.239,15956,80,TCP,244.3.213.210-244.3.160.239,5,1480,0.020751953125
244.3.213.210:11608-244.3.160.239:80-TCP,1261068864.071425,48,244.3.213.210,244.3.160.239,11608,80,TCP,244.3.213.210-244.3.160.239,5,1460,0.00031113624572753906
244.3.213.210:6000-244.3.160.239:80-TCP,1261068864.071736,48,244.3.213.210,244.3.160.239,6000,80,TCP,244.3.213.210-244.3.160.239,5,1459,0.0005679130554199219
244.3.213.210:2811-244.3.160.239:80-TCP,1261068864.072304,48,244.3.213.210,244.3.160.239,2811,80,TCP,244.3.213.210-244.3.160.239,5,1453,0.0006210803985595703
244.3.213.210:9893-244.3.160.239:80-TCP,1261068864.072925,48,244.3.213.210,244.3.160.239,9893,80,TCP,244.3.213.210-244.3.160.239,5,1452,384.2505450248718
244.3.213.210:9278-244.3.160.239:80-TCP,1261069248.32347,48,244.3.213.210,244.3.160.239,9278,80,TCP,244.3.213.210-244.3.160.239,5,1438,0.28940391540527344
244.3.213.210:5187-244.3.160.239:80-TCP,1261069248.612874,48,244.3.213.210,244.3.160.239,5187,80,TCP,244.3.213.210-244.3.160.239,5,1440,0.1255168914794922
244.3.213.210:3121-244.3.160.239:80-TCP,1261069248.738391,48,244.3.213.210,244.3.160.239,3121,80,TCP,244.3.213.210-244.3.160.239,5,1441,0.06357407569885254
244.3.213.210:6402-244.3.160.239:80-TCP,1261069248.801965,48,244.3.213.210,244.3.160.239,6402,80,TCP,244.3.213.210-244.3.160.239,5,1442,0.7042980194091797
244.3.213.210:2900-244.3.160.239:80-TCP,1261069249.506263,48,244.3.213.210,244.3.160.239,2900,80,TCP,244.3.213.210-244.3.160.239,7,1763,0.0005490779876708984
244.3.213.210:3723-244.3.160.239:80-TCP,1261069249.506812,48,244.3.213.210,244.3.160.239,3723,80,TCP,244.3.213.210-244.3.160.239,7,1763,0.23998379707336426
244.3.213.210:5956-244.3.160.239:80-TCP,1261069249.746796,48,244.3.213.210,244.3.160.239,5956,80,TCP,244.3.213.210-244.3.160.239,57,6870,0.0031020641326904297
244.3.213.210:5168-244.3.160.239:80-TCP,1261069249.749898,48,244.3.213.210,244.3.160.239,5168,80,TCP,244.3.213.210-244.3.160.239,7,1763,1.0265710353851318
244.3.213.210:10877-244.3.160.239:80-TCP,1261069250.776469,48,244.3.213.210,244.3.160.239,10877,80,TCP,244.3.213.210-244.3.160.239,29,2512,0.001672983169555664
244.3.213.210:9373-244.3.160.239:80-TCP,1261069250.778142,48,244.3.213.210,244.3.160.239,9373,80,TCP,244.3.213.210-244.3.160.239,39,2865,0.3478081226348877
244.3.213.210:10036-244.3.160.239:80-TCP,1261069251.12595,48,244.3.213.210,244.3.160.239,10036,80,TCP,244.3.213.210-244.3.160.239,7,2474,0.2619919776916504
244.3.213.210:3773-244.3.160.239:80-TCP,1261069251.387942,48,244.3.213.210,244.3.160.239,3773,80,TCP,244.3.213.210-244.3.160.239,6,1533,2.2796378135681152
244.3.213.210:8136-244.3.160.239:80-TCP,1261069253.66758,48,244.3.213.210,244.3.160.239,8136,80,TCP,244.3.213.210-244.3.160.239,5,1448,0.29985499382019043
244.3.213.210:16153-244.3.160.239:80-TCP,1261069253.967435,48,244.3.213.210,244.3.160.239,16153,80,TCP,244.3.213.210-244.3.160.239,5,1449,0.1818690299987793
244.3.213.210:16236-244.3.160.239:80-TCP,1261069254.149304,48,244.3.213.210,244.3.160.239,16236,80,TCP,244.3.213.210-244.3.160.239,5,1451,0.18985509872436523
244.3.213.210:12615-244.3.160.239:80-TCP,1261069254.339159,48,244.3.213.210,244.3.160.239,12615,80,TCP,244.3.213.210-244.3.160.239,5,1452,0.17510390281677246
244.3.213.210:10244-244.3.160.239:80-TCP,1261069254.514263,48,244.3.213.210,244.3.160.239,10244,80,TCP,244.3.213.210-244.3.160.239,5,1620,0.00040912628173828125
244.3.213.210:10356-244.3.160.239:80-TCP,1261069254.514672,48,244.3.213.210,244.3.160.239,10356,80,TCP,244.3.213.210-244.3.160.239,6,1660,0.10859990119934082
244.3.213.210:7370-244.3.160.239:80-TCP,1261069254.623272,48,244.3.213.210,244.3.160.239,7370,80,TCP,244.3.213.210-244.3.160.239,50,7475,0.005474090576171875
244.3.213.210:12552-244.3.160.239:80-TCP,1261069254.628746,48,244.3.213.210,244.3.160.239,12552,80,TCP,244.3.213.210-244.3.160.239,5,1620,1.0151879787445068
244.3.213.210:7521-244.3.160.239:80-TCP,1261069255.643934,48,244.3.213.210,244.3.160.239,7521,80,TCP,244.3.213.210-244.3.160.239,5,1504,0.17003107070922852
244.3.213.210:3561-244.3.160.239:80-TCP,1261069255.813965,48,244.3.213.210,244.3.160.239,3561,80,TCP,244.3.213.210-244.3.160.239,30,2546,0.0006968975067138672
244.3.213.210:11371-244.3.160.239:80-TCP,1261069255.814662,48,244.3.213.210,244.3.160.239,11371,80,TCP,244.3.213.210-244.3.160.239,40,2899,0.32526612281799316
244.3.213.210:4562-244.3.160.239:80-TCP,1261069256.139928,48,244.3.213.210,244.3.160.239,4562,80,TCP,244.3.213.210-244.3.160.239,7,2480,0.26757097244262695
244.3.213.210:4239-244.3.160.239:80-TCP,1261069256.407499,48,244.3.213.210,244.3.160.239,4239,80,TCP,244.3.213.210-244.3.160.239,5,1493,10.518121004104614
244.3.213.210:10983-244.3.160.239:80-TCP,1261069266.92562,48,244.3.213.210,244.3.160.239,10983,80,TCP,244.3.213.210-244.3.160.239,40,2716,0.474733829498291
244.3.213.210:6978-244.3.160.239:80-TCP,1261069267.400354,48,244.3.213.210,244.3.160.239,6978,80,TCP,244.3.213.210-244.3.160.239,6,1684,0.21692109107971191
244.3.213.210:7657-244.3.160.239:80-TCP,1261069267.617275,48,244.3.213.210,244.3.160.239,7657,80,TCP,244.3.213.210-244.3.160.239,7,1464,0.0671839714050293
244.3.213.210:2232-244.3.160.239:80-TCP,1261069267.684459,48,244.3.213.210,244.3.160.239,2232,80,TCP,244.3.213.210-244.3.160.239,7,2362,0.2824881076812744
244.3.213.210:10081-244.3.160.239:80-TCP,1261069267.966947,48,244.3.213.210,244.3.160.239,10081,80,TCP,244.3.213.210-244.3.160.239,6,1442,1.1355469226837158
244.3.213.210:13719-244.3.160.239:80-TCP,1261069269.102494,48,244.3.213.210,244.3.160.239,13719,80,TCP,244.3.213.210-244.3.160.239,5,1478,0.06923890113830566
244.3.213.210:9325-244.3.160.239:80-TCP,1261069269.171733,48,244.3.213.210,244.3.160.239,9325,80,TCP,244.3.213.210-244.3.160.239,5,1560,0.3505091667175293
244.3.213.210:11794-244.3.160.239:80-TCP,1261069269.522242,48,244.3.213.210,244.3.160.239,11794,80,TCP,244.3.213.210-244.3.160.239,89,4942,0.02097797393798828
244.3.213.210:15655-244.3.160.239:80-TCP,1261069269.54322,48,244.3.213.210,244.3.160.239,15655,80,TCP,244.3.213.210-244.3.160.239,7,1848,2.489393949508667
244.3.213.210:12438-244.3.160.239:80-TCP,1261069272.032614,48,244.3.213.210,244.3.160.239,12438,80,TCP,244.3.213.210-244.3.160.239,7,1533,0.24588799476623535
244.3.213.210:5984-244.3.160.239:80-TCP,1261069272.278502,48,244.3.213.210,244.3.160.239,5984,80,TCP,244.3.213.210-244.3.160.239,10,1646,0.3328819274902344
244.3.213.210:10154-244.3.160.239:80-TCP,1261069272.611384,48,244.3.213.210,244.3.160.239,10154,80,TCP,244.3.213.210-244.3.160.239,6,1489,0.1855301856994629
244.3.213.210:15358-244.3.160.239:80-TCP,1261069272.796914,48,244.3.213.210,244.3.160.239,15358,80,TCP,244.3.213.210-244.3.160.239,6,1506,0.000270843505859375
244.3.213.210:12473-244.3.160.239:80-TCP,1261069272.797185,48,244.3.213.210,244.3.160.239,12473,80,TCP,244.3.213.210-244.3.160.239,6,1507,0.0017271041870117188
244.3.213.210:4812-244.3.160.239:80-TCP,1261069272.798912,48,244.3.213.210,244.3.160.239,4812,80,TCP,244.3.213.210-244.3.160.239,8,1602,0.003403902053833008
244.3.213.210:12927-244.3.160.239:80-TCP,1261069272.802316,48,244.3.213.210,244.3.160.239,12927,80,TCP,244.3.213.210-244.3.160.239,6,1522,0.0005700588226318359
244.3.213.210:13867-244.3.160.239:80-TCP,1261069272.802886,48,244.3.213.210,244.3.160.239,13867,80,TCP,244.3.213.210-244.3.160.239,6,1515,0.004869937896728516
244.3.213.210:3671-244.3.160.239:80-TCP,1261069272.807756,48,244.3.213.210,244.3.160.239,3671,80,TCP,244.3.213.210-244.3.160.239,6,1516,0.10791206359863281
244.3.213.210:5695-244.3.160.239:80-TCP,1261069272.915668,48,244.3.213.210,244.3.160.239,5695,80,TCP,244.3.213.210-244.3.160.239,6,1281,0.0082550048828125
244.3.213.210:15830-244.3.160.239:80-TCP,1261069272.923923,48,244.3.213.210,244.3.160.239,15830,80,TCP,244.3.213.210-244.3.160.239,8,1364,0.003915071487426758
244.3.213.210:14746-244.3.160.239:80-TCP,1261069272.927838,48,244.3.213.210,244.3.160.239,14746,80,TCP,244.3.213.210-244.3.160.239,7,1316,0.0017359256744384766
244.3.213.210:14534-244.3.160.239:80-TCP,1261069272.929574,48,244.3.213.210,244.3.160.239,14534,80,TCP,244.3.213.210-244.3.160.239,6,1289,0.005995988845825195
244.3.213.210:5887-244.3.160.239:80-TCP,1261069272.93557,48,244.3.213.210,244.3.160.239,5887,80,TCP,244.3.213.210-244.3.160.239,6,1288,0.008713006973266602
244.3.213.210:10994-244.3.160.239:80-TCP,1261069272.944283,48,244.3.213.210,244.3.160.239,10994,80,TCP,244.3.213.210-244.3.160.239,6,1571,0.003192901611328125
244.3.213.210:13558-244.3.160.239:80-TCP,1261069272.947476,48,244.3.213.210,244.3.160.239,13558,80,TCP,244.3.213.210-244.3.160.239,6,1281,0.00893402099609375
244.3.213.210:11953-244.3.160.239:80-TCP,1261069272.95641,48,244.3.213.210,244.3.160.239,11953,80,TCP,244.3.213.210-244.3.160.239,7,1332,0.009282112121582031
244.3.213.210:13581-244.3.160.239:80-TCP,1261069272.965692,48,244.3.213.210,244.3.160.239,13581,80,TCP,244.3.213.210-244.3.160.239,6,1275,0.005712985992431641
244.3.213.210:4515-244.3.160.239:80-TCP,1261069272.971405,48,244.3.213.210,244.3.160.239,4515,80,TCP,244.3.213.210-244.3.160.239,7,1319,0.0009648799896240234
244.3.213.210:11061-244.3.160.239:80-TCP,1261069272.97237,48,244.3.213.210,244.3.160.239,11061,80,TCP,244.3.213.210-244.3.160.239,6,1532,0.0026700496673583984
244.3.213.210:14872-244.3.160.239:80-TCP,1261069272.97504,48,244.3.213.210,244.3.160.239,14872,80,TCP,244.3.213.210-244.3.160.239,6,1517,0.0009000301361083984
244.3.213.210:3921-244.3.160.239:80-TCP,1261069272.97594,48,244.3.213.210,244.3.160.239,3921,80,TCP,244.3.213.210-244.3.160.239,6,1517,0.0005900859832763672
244.3.213.210:2283-244.3.160.239:80-TCP,1261069272.97653,48,244.3.213.210,244.3.160.239,2283,80,TCP,244.3.213.210-244.3.160.239,6,1510,0.0012018680572509766
244.3.213.210:8482-244.3.160.239:80-TCP,1261069272.977732,48,244.3.213.210,244.3.160.239,8482,80,TCP,244.3.213.210-244.3.160.239,6,1510,0.000823974609375
244.3.213.210:13235-244.3.160.239:80-TCP,1261069272.978556,48,244.3.213.210,244.3.160.239,13235,80,TCP,244.3.213.210-244.3.160.239,5,1246,0.002644062042236328
244.3.213.210:11460-244.3.160.239:80-TCP,1261069272.9812,48,244.3.213.210,244.3.160.239,11460,80,TCP,244.3.213.210-244.3.160.239,5,1467,0.17164301872253418
244.3.213.210:13201-244.3.160.239:80-TCP,1261069273.152843,48,244.3.213.210,244.3.160.239,13201,80,TCP,244.3.213.210-244.3.160.239,6,1510,0.0033330917358398438
244.3.213.210:5692-244.3.160.239:80-TCP,1261069273.156176,48,244.3.213.210,244.3.160.239,5692,80,TCP,244.3.213.210-244.3.160.239,6,1509,0.00032401084899902344
244.3.213.210:12535-244.3.160.239:80-TCP,1261069273.1565,48,244.3.213.210,244.3.160.239,12535,80,TCP,244.3.213.210-244.3.160.239,6,1540,0.0013778209686279297
244.3.213.210:2826-244.3.160.239:80-TCP,1261069273.157878,48,244.3.213.210,244.3.160.239,2826,80,TCP,244.3.213.210-244.3.160.239,6,1540,0.0008289813995361328
244.3.213.210:9271-244.3.160.239:80-TCP,1261069273.158707,48,244.3.213.210,244.3.160.239,9271,80,TCP,244.3.213.210-244.3.160.239,10,1700,0.03879499435424805
244.3.213.210:5448-244.3.160.239:80-TCP,1261069273.197502,48,244.3.213.210,244.3.160.239,5448,80,TCP,244.3.213.210-244.3.160.239,7,1559,0.18401002883911133
244.3.213.210:12662-244.3.160.239:80-TCP,1261069273.381512,48,244.3.213.210,244.3.160.239,12662,80,TCP,244.3.213.210-244.3.160.239,6,1532,0.0007569789886474609
244.3.213.210:13066-244.3.160.239:80-TCP,1261069273.382269,48,244.3.213.210,244.3.160.239,13066,80,TCP,244.3.213.210-244.3.160.239,6,1522,0.0004200935363769531
244.3.213.210:7339-244.3.160.239:80-TCP,1261069273.382689,48,244.3.213.210,244.3.160.239,7339,80,TCP,244.3.213.210-244.3.160.239,6,1528,0.0005319118499755859
244.3.213.210:9147-244.3.160.239:80-TCP,1261069273.383221,48,244.3.213.210,244.3.160.239,9147,80,TCP,244.3.213.210-244.3.160.239,6,1531,0.05954909324645996
244.3.213.210:14954-244.3.160.239:80-TCP,1261069273.44277,48,244.3.213.210,244.3.160.239,14954,80,TCP,244.3.213.210-244.3.160.239,6,1530,0.11547589302062988
244.3.213.210:5023-244.3.160.239:80-TCP,1261069273.558246,48,244.3.213.210,244.3.160.239,5023,80,TCP,244.3.213.210-244.3.160.239,6,1532,0.0003352165222167969
244.3.213.210:12038-244.3.160.239:80-TCP,1261069273.558581,48,244.3.213.210,244.3.160.239,12038,80,TCP,244.3.213.210-244.3.160.239,6,1531,0.0005648136138916016
244.3.213.210:6055-244.3.160.239:80-TCP,1261069273.559146,48,244.3.213.210,244.3.160.239,6055,80,TCP,244.3.213.210-244.3.160.239,6,1534,0.0003421306610107422
244.3.213.210:8405-244.3.160.239:80-TCP,1261069273.559488,48,244.3.213.210,244.3.160.239,8405,80,TCP,244.3.213.210-244.3.160.239,6,1535,0.04842495918273926
244.3.213.210:8402-244.3.160.239:80-TCP,1261069273.607913,48,244.3.213.210,244.3.160.239,8402,80,TCP,244.3.213.210-244.3.160.239,6,1529,0.039804935455322266
244.3.213.210:12399-244.3.160.239:80-TCP,1261069273.647718,48,244.3.213.210,244.3.160.239,12399,80,TCP,244.3.213.210-244.3.160.239,6,1532,0.09351205825805664
244.3.213.210:6469-244.3.160.239:80-TCP,1261069273.74123,48,244.3.213.210,244.3.160.239,6469,80,TCP,244.3.213.210-244.3.160.239,6,1531,0.0007059574127197266
244.3.213.210:9110-244.3.160.239:80-TCP,1261069273.741936,48,244.3.213.210,244.3.160.239,9110,80,TCP,244.3.213.210-244.3.160.239,7,1560,0.0004711151123046875
244.3.213.210:11782-244.3.160.239:80-TCP,1261069273.742407,48,244.3.213.210,244.3.160.239,11782,80,TCP,244.3.213.210-244.3.160.239,11,1727,0.0004208087921142578
244.3.213.210:11083-244.3.160.239:80-TCP,1261069273.742828,48,244.3.213.210,244.3.160.239,11083,80,TCP,244.3.213.210-244.3.160.239,6,1516,0.0808870792388916
244.3.213.210:8238-244.3.160.239:80-TCP,1261069273.823715,48,244.3.213.210,244.3.160.239,8238,80,TCP,244.3.213.210-244.3.160.239,6,1516,0.0006489753723144531
244.3.213.210:14583-244.3.160.239:80-TCP,1261069273.824364,48,244.3.213.210,244.3.160.239,14583,80,TCP,244.3.213.210-244.3.160.239,6,1513,0.14667797088623047
244.3.213.210:9797-244.3.160.239:80-TCP,1261069273.971042,48,244.3.213.210,244.3.160.239,9797,80,TCP,244.3.213.210-244.3.160.239,6,1513,0.001177072525024414
244.3.213.210:7482-244.3.160.239:80-TCP,1261069273.972219,48,244.3.213.210,244.3.160.239,7482,80,TCP,244.3.213.210-244.3.160.239,6,1514,0.18396997451782227
244.3.213.210:2685-244.3.160.239:80-TCP,1261069274.156189,48,244.3.213.210,244.3.160.239,2685,80,TCP,244.3.213.210-244.3.160.239,5,1411,2.796937942504883
244.3.213.210:14622-244.3.160.239:80-TCP,1261069276.953127,48,244.3.213.210,244.3.160.239,14622,80,TCP,244.3.213.210-244.3.160.239,6,1576,0.3236231803894043
244.3.213.210:5662-244.3.160.239:80-TCP,1261069277.27675,48,244.3.213.210,244.3.160.239,5662,80,TCP,244.3.213.210-244.3.160.239,14,1898,0.0007729530334472656
244.3.213.210:2062-244.3.160.239:80-TCP,1261069277.277523,48,244.3.213.210,244.3.160.239,2062,80,TCP,244.3.213.210-244.3.160.239,16,2054,0.32090187072753906
244.3.213.210:14037-244.3.160.239:80-TCP,1261069277.598425,48,244.3.213.210,244.3.160.239,14037,80,TCP,244.3.213.210-244.3.160.239,6,1626,0.002802133560180664
244.3.213.210:13923-244.3.160.239:80-TCP,1261069277.601227,48,244.3.213.210,244.3.160.239,13923,80,TCP,244.3.213.210-244.3.160.239,6,1636,0.14678287506103516
244.3.213.210:2716-244.3.160.239:80-TCP,1261069277.74801,48,244.3.213.210,244.3.160.239,2716,80,TCP,244.3.213.210-244.3.160.239,6,1629,1.5181050300598145
244.3.213.210:8726-244.3.160.239:80-TCP,1261069279.266115,48,244.3.213.210,244.3.160.239,8726,80,TCP,244.3.213.210-244.3.160.239,127,6449,1084.82093501091
244.3.213.210:2865-244.3.160.239:80-TCP,1261070364.08705,48,244.3.213.210,244.3.160.239,2865,80,TCP,244.3.213.210-244.3.160.239,5,1228,0.6525869369506836
244.3.213.210:15626-244.3.160.239:80-TCP,1261070364.739637,48,244.3.213.210,244.3.160.239,15626,80,TCP,244.3.213.210-244.3.160.239,5,1465,0.585949182510376
244.3.213.210:8214-244.3.160.239:443-TCP,1261070365.325586,48,244.3.213.210,244.3.160.239,8214,443,TCP,244.3.213.210-244.3.160.239,9,1982,0.33251500129699707
244.3.213.210:10146-244.3.160.239:80-TCP,1261070365.658101,48,244.3.213.210,244.3.160.239,10146,80,TCP,244.3.213.210-244.3.160.239,5,1541,0.01827383041381836
244.3.213.210:7590-244.3.160.239:80-TCP,1261070365.676375,48,244.3.213.210,244.3.160.239,7590,80,TCP,244.3.213.210-244.3.160.239,6,1522,0.09312200546264648
244.3.213.210:13316-244.3.160.239:80-TCP,1261070365.769497,48,244.3.213.210,244.3.160.239,13316,80,TCP,244.3.213.210-244.3.160.239,5,1381,0.8910000324249268
244.3.213.210:3995-244.3.160.239:80-TCP,1261070366.660497,48,244.3.213.210,244.3.160.239,3995,80,TCP,244.3.213.210-244.3.160.239,5,1549,0.01770305633544922
244.3.213.210:6066-244.3.160.239:80-TCP,1261070366.6782,48,244.3.213.210,244.3.160.239,6066,80,TCP,244.3.213.210-244.3.160.239,20,2090,0.0
